0.013800453000002
1.790126984
2.359015873
3.682553287
5.749129251
6.677927437
7.96663492
10.811079365
11.705047619
12.181056689
15.443460317
16.314208616
17.022417233
18.241464852
18.949673469
21.085909297
23.036385487
24.766272108
25.753120181
26.205909297
26.739968253
27.44817687
30.257791383
33.74078458
35.470671201
36.701328798
38.361555555
40.172712018
41.554299319
43.133256235
45.664231292
47.986226757
48.949854875
50.180512471
52.003278911
53.547405895
54.882553287
55.822961451
57.367088435
58.481646258
59.375614512
61.349310657
63.055977324
64.623324263
65.598562358
68.524276643
70.347043083
71.310671201
72.05370975
73.145047619
74.1783356
75.52509297
76.953120181
77.614888888
78.69461678
80.145863945
82.676839002
83.489537414
84.975614512
86.136612244
86.775160997
89.108766439
90.025954648
90.432303854
91.628131519
92.289900226
93.950126984
94.971804988
96.910671201
99.836385487
100.834843537
101.740421768
103.12200907
104.341056689
105.757473922
106.477292517
108.056249433
109.855795918
110.436294784
111.307043083
111.933981859
112.83956009
114.290807256
115.440195011
115.951034013
117.1352517
119.074117913
119.689446712
120.653074829
121.60509297
123.137609977
123.752938775
125.831124716
126.585773242
128.141510204
129.19801814
130.103596371
131.520013605
132.379151927
133.447269841
134.050988662
135.908585034
137.278562358
137.824231292
139.937247165
140.668675736
141.957383219
142.642371882
143.350580498
144.174888888
145.602916099
147.588222222
149.921827664
151.15248526
152.15094331
152.754662131
154.49615873
155.366907029
157.015523809
157.932712018
159.256249433
160.347587301
161.856884353
162.599922902
163.238471655
164.109219954
165.281827664
166.187405895
167.33679365
167.917292517
169.15956009
169.832938775
170.610807256
171.493165532
172.28264399
173.490081632
174.291170068
175.382507936
176.288086167
177.158834467
177.681283446
178.877111111
179.689809523
181.303596371
181.953755102
182.534253968
183.137972789
184.682099773
185.494798185
187.851623582
188.420512471
188.850081632
189.709219954
190.51030839
191.868675736
193.11094331
193.819151927
194.829219954
196.083097505
197.10477551
198.138063492
198.92754195
199.70541043
201.272757369
202.155115646
202.631124716
203.687632653
204.616430839
205.289809523
206.288267573
207.17062585
207.797564625
208.958562358
209.539061224
210.491079365
211.338607709
211.861056689
212.46477551
213.068494331
213.916022675
214.345591836
215.843278911
216.667587301
219.5352517
220.289900226
220.847179138
221.741147392
222.948585034
224.00509297
225.212530612
226.118108843
226.814707482
227.395206349
230.866589569
231.435478458
232.07402721
232.538426303
233.316294784
234.001283446
234.570172335
235.673120181
236.36971882
237.263687074
238.296975056
239.66695238
240.502870748
241.222689342
241.988947845
244.0090839
244.775342403
246.95801814
248.420875283
249.291623582
250.034662131
252.321827664
252.995206349
254.040104308
254.574163265
255.920920634
257.19801814
257.755297052
258.602825396
259.3690839
260.332712018
261.992938775
262.724367346
263.687995464
264.96509297
265.917111111
266.718199546
267.298698412
267.832757369
268.273936507
268.95892517
269.620693877
270.282462585
271.965909297
273.057247165
274.253074829
274.926453514
275.646272108
279.291804988
280.754662131
281.311941043
282.49615873
283.006997732
283.889356009
284.597564625
286.489990929
287.56971882
288.26631746
288.997746031
289.798834467
290.507043083
291.86541043
292.945138321
294.059696145
294.616975056
296.079832199
296.799650793
297.426589569
298.227678004
299.853074829
300.735433106
301.652621315
302.267950113
302.941328798
303.881736961
305.251714285
305.890263038
306.412712018
307.004820861
308.09615873
308.815977324
309.466136054
310.928993197
311.544321995
312.055160997
312.937519274
313.494798185
314.713845804
315.979333333
316.745591836
317.372530612
317.894979591
319.021147392
320.367904761
321.087723356
321.575342403
322.538970521
323.247179138
324.640376417
325.290535147
325.847814058
326.683732426
327.299061224
327.891170068
329.470126984
330.155115646
330.828494331
331.641192743
332.105591836
332.848630385
333.405909297
334.868766439
335.64663492
336.575433106
337.457791383
338.200829931
338.850988662
339.895886621
340.952394557
341.312303854
341.811532879
343.274390022
344.307678004
345.085546485
346.292984126
347.291442176
348.243460317
349.276748299
350.066226757
350.739605442
353.166090702
353.734979591
354.12971882
354.861147392
355.615795918
356.393664399
357.415342403
357.94940136
358.646
359.145229024
360.143687074
361.444004535
362.8952517
363.429310657
363.870489795
364.555478458
365.321736961
366.564004535
367.179333333
367.725002267
369.687088435
370.604276643
371.567904761
379.72971882
391.328086167
