0.150929705
0.905578231
2.449705215
4.411791383
5.665668934
6.373877551
7.047256235
8.475283446
10.994648526
12.155646258
13.734603174
14.605351473
15.185850340
15.708299319
18.007074829
19.040362811
19.748571428
21.373968253
21.908027210
23.231564625
24.206802721
25.344580498
25.983129251
27.991655328
28.746303854
29.535782312
30.696780045
31.962267573
32.449886621
34.202993197
34.992471655
35.491700680
36.478548752
37.744036281
38.579954648
39.508752834
40.994829931
42.271927437
44.675192743
45.696870748
46.184489795
46.834648526
47.693786848
48.901224489
51.420589569
52.337777777
52.906666666
53.881904761
54.857142857
55.902040816
58.583945578
59.164444444
59.698503401
60.592471655
61.683809523
62.275918367
63.599455782
65.201632653
65.747301587
67.186938775
68.022857142
68.475646258
68.823945578
70.054603174
70.971791383
72.051519274
73.108027210
73.549206349
74.512834467
74.826303854
75.639002267
76.567800453
77.426938775
78.437006802
78.889795918
80.050793650
81.281451247
81.745850340
82.279909297
83.173877551
83.858866213
84.741224489
85.321723356
86.517551020
87.655328798
88.073287981
88.502857142
89.988934240
90.488163265
90.952562358
91.683990929
92.496689342
93.042358276
93.889886621
94.505215419
94.818684807
95.248253968
95.666213151
96.014512471
96.885260770
97.291609977
98.475827664
99.079546485
99.497505668
100.112834467
100.751383219
101.099682539
102.063310657
102.562539682
103.746757369
104.385306122
104.954195011
105.604353741
105.964263038
106.823401360
107.438730158
107.879909297
108.367528344
109.528526077
110.085804988
110.561814058
110.944943310
111.989841269
112.802539682
113.243718820
113.592018140
113.859047619
114.393106575
115.287074829
115.821133786
116.215873015
116.680272108
117.458140589
118.201179138
118.723628117
119.141587301
119.977505668
120.267755102
120.546394557
120.825034013
121.184943310
121.602902494
121.916371882
122.380770975
122.856780045
124.087437641
124.540226757
124.911746031
125.376145124
125.759274376
126.223673469
126.699682539
127.500770975
128.046439909
128.592108843
129.033287981
129.381587301
130.763174603
131.204353741
131.541043083
132.539501133
132.899410430
133.491519274
134.304217687
134.745396825
135.407165532
135.929614512
136.359183673
136.777142857
137.148662131
137.462131519
137.938140589
138.379319727
139.911836734
141.595283446
143.998548752
145.925804988
148.398730158
150.395646258
152.868571428
153.240090702
155.062857142
157.593832199
158.313650793
159.637188208
160.554376417
161.970793650
163.712290249
166.370975056
167.183673469
168.994829931
170.388027210
172.164353741
173.836190476
176.819954648
178.549841269
181.429115646
183.217052154
186.444625850
187.222494331
188.557641723
190.032108843
192.040634920
194.014331065
195.244988662
197.485714285
198.391292517
199.099501133
200.910657596
201.665306122
203.569342403
205.380498866
207.725714285
208.584852607
210.512108843
212.427755102
215.434739229
217.118185941
218.093424036
219.149931972
220.009070294
221.437097505
224.246712018
224.745941043
226.197188208
227.706485260
228.751383219
229.436371882
230.852789115
231.259138321
233.139954648
233.871383219
234.417052154
234.858231292
235.914739229
236.437188208
236.982857142
237.493696145
237.888435374
238.631473922
239.270022675
240.790929705
241.568798185
242.706575963
243.855963718
244.610612244
246.653968253
248.952743764
250.264671201
250.903219954
252.517006802
253.654784580
255.117641723
255.500770975
256.000000000
258.786394557
261.352199546
261.654058956
262.420317460
264.219863945
264.556553287
266.692789115
267.493877551
268.457505668
269.757823129
270.152562358
270.640181405
271.162630385
271.870839002
272.648707482
273.774875283
275.005532879
275.098412698
275.307392290
275.922721088
277.188208616
278.546575963
289.030385487
289.100045351
289.320634920
