1.230657596
2.171065759
2.670294784
3.192743764
4.040272108
4.992290249
6.548027210
7.627755102
8.034104308
9.079002267
9.787210884
10.623129251
11.192018140
12.202086167
13.212154195
14.222222222
14.814331065
15.406439909
16.323628117
18.146394557
19.481541950
20.677369614
21.141768707
22.267936507
24.032653061
25.379410430
26.598458049
27.155736961
27.736235827
29.141043083
29.918911564
30.673560090
31.660408163
32.554376417
32.995555555
33.610884353
35.247891156
37.163537414
38.463854875
38.905034013
39.648072562
40.437551020
41.807528344
42.701496598
44.048253968
44.988662131
45.441451247
46.230929705
47.693786848
48.390385487
49.644263038
51.037460317
51.919818594
52.360997732
53.115646258
54.206984126
55.994920634
56.436099773
56.958548752
58.247256235
59.199274376
59.535963718
59.988752834
61.904399092
64.563083900
65.329342403
65.666031746
66.072380952
66.490340136
67.082448979
67.662947845
68.080907029
68.638185941
69.195464852
70.519002267
71.320090702
72.666848072
73.653696145
74.141315192
74.791473922
75.383582766
76.498140589
77.113469387
77.763628117
78.355736961
78.889795918
79.284535147
79.725714285
80.178503401
80.735782312
81.351111111
82.396009070
82.976507936
83.452517006
84.218775510
85.031473922
85.820952380
86.552380952
87.318639455
87.887528344
88.421587301
89.002086167
89.756734693
90.569433106
91.219591836
92.043900226
93.204897959
93.657687074
94.749024943
95.329523809
96.130612244
97.256780045
98.127528344
98.789297052
99.927074829
100.925532879
102.098140589
103.804807256
104.872925170
105.952653061
106.498321995
107.636099773
108.286258503
108.971247165
109.865215419
110.817233560
111.142312925
111.502222222
112.291700680
113.069569160
113.847437641
114.567256235
115.658594104
116.691882086
117.400090702
118.015419501
118.491428571
118.932607709
119.397006802
119.873015873
120.418684807
121.034013605
121.962811791
122.821950113
124.586666666
125.678004535
127.245351473
127.628480725
128.150929705
129.509297052
129.962086167
130.705124716
131.250793650
131.738412698
132.133151927
132.504671201
133.003900226
133.305759637
133.584399092
134.013968253
134.989206349
135.581315192
136.359183673
137.113832199
137.810430839
138.286439909
138.774058956
139.308117913
139.981496598
140.480725623
141.455963718
141.931972789
142.733061224
143.510929705
144.114648526
144.938956916
145.240816326
145.589115646
146.146394557
146.599183673
147.504761904
147.992380952
148.619319727
149.884807256
151.069024943
151.870113378
152.427392290
152.891791383
153.762539682
154.877097505
155.283446712
155.654965986
156.038095238
156.804353741
158.569070294
159.555918367
160.774965986
161.297414965
161.703764172
162.144943310
162.737052154
163.781950113
164.559818594
164.966167800
165.569886621
166.394195011
167.241723356
167.833832199
168.472380952
169.192199546
169.691428571
170.062947845
171.444535147
171.932154195
172.733242630
173.267301587
173.650430839
174.207709750
175.508027210
176.622585034
177.110204081
177.528163265
177.980952380
179.443809523
180.175238095
180.732517006
181.313015873
181.986394557
183.565351473
184.366439909
184.854058956
186.525895691
187.152834467
187.594013605
188.000362811
188.487981859
189.405170068
190.937687074
191.332426303
191.820045351
192.853333333
193.294512471
194.397460317
195.697777777
196.289886621
197.125804988
198.101043083
199.331700680
200.051519274
202.269024943
202.779863945
203.755102040
204.637460317
205.113469387
206.460226757
207.598004535
208.352653061
209.873560090
210.349569160
210.732698412
211.127437641
211.870476190
212.799274376
213.995102040
214.703310657
215.434739229
216.560907029
217.431655328
218.128253968
219.730430839
221.216507936
223.584943310
225.605079365
230.725079365
233.209614512
233.569523809
233.929433106
234.486712018
234.881451247
235.403900226
235.833469387
236.112108843
236.715827664
237.098956916
237.540136054
238.352834467
239.420952380
239.931791383
240.779319727
242.346666666
244.018503401
245.051791383
246.050249433
246.572698412
248.140045351
251.309569160
251.843628117
252.679546485
253.817324263
254.165623582
254.537142857
255.419501133
256.058049886
256.975238095
257.451247165
258.275555555
258.937324263
260.226031746
261.038730158
261.921088435
263.581315192
263.743854875
264.579773242
266.425759637
267.319727891
268.550385487
270.233832199
270.338321995
271.661859410
271.812789115
273.496235827
273.658775510
274.297324263
274.668843537
275.713741496
276.398730158
277.629387755
279.545034013
281.228480725
281.843809523
282.273378684
283.631746031
284.955283446
285.315192743
286.511020408
288.809795918
288.960725623
290.098503401
292.072199546
293.929795918
294.661224489
295.949931972
297.807528344
299.200725623
300.570702947
302.288979591
302.416689342
303.368707482
305.086984126
306.433741496
308.198458049
308.848616780
309.707755102
310.218594104
311.170612244
311.716281179
312.540589569
313.434557823
315.118004535
316.731791383
317.532879818
318.473287981
319.111836734
320.330884353
321.224852607
322.362630385
324.301496598
325.787573696
326.902131519
328.597188208
329.131247165
330.478004535
335.052335600
336.445532879
337.896780045
338.535328798
340.636734693
341.286893424
342.494331065
343.562448979
345.013696145
346.255963718
347.475011337
348.357369614
348.972698412
349.704126984
351.132154195
353.976598639
354.858956916
358.260680272
360.095056689
360.826485260
361.279274376
364.170158730
369.847437641
370.520816326
371.496054421
374.653968253
375.594376417
376.975963718	New Point
378.717460317
379.367619047
380.749206349
381.422585034
383.976780045
384.568888888
385.195827664
387.192743764
391.233015873
391.894784580
392.835192743
393.287981859
394.414149659
395.772517006
397.757823129
399.673469387
402.053514739
403.388662131
405.896417233
408.868571428
411.515646258
412.200634920
413.187482993
416.473106575
419.120181405
421.453786848	New Point
422.370975056	New Point
424.367891156
438.659773242
