2.786394557
15.034920634
19.435102040
25.588390022
28.212244897
30.534240362
34.319092970
35.874829931
37.976235827
42.480907029
45.743310657
50.607891156
53.916734693
57.364897959
63.204716553
66.710929705
67.999637188
70.275192743
75.186213151
78.971065759
83.266757369
90.035374149
93.402267573
96.978140589
101.157732426
104.675555555
108.901587301
113.917097505
118.503038548
122.369160997
135.918004535
140.527165532
152.439002267
154.273378684
161.935963718
168.414331065
176.320725623
181.649705215
186.374965986
190.809977324
196.243446712
202.187755102
204.776780045
216.015238095
227.021496598
230.980498866
238.132244897
245.678730158
