0.731428571
1.300317460
1.927256235
2.380045351
2.983764172
3.552653061
4.260861678
4.818140589
5.433469387
6.118458049
6.722176870
7.128526077
7.616145124
8.266303854
8.904852607
9.520181405
10.089070294
10.866938775
11.377777777
11.842176870
12.411065759
12.945124716
13.432743764
14.013242630
14.640181405
15.441269841
16.010158730
16.718367346
17.182766439
17.647165532
18.158004535
18.784943310
19.411882086
20.108480725
20.921179138
21.443628117
21.931247165
22.418866213
22.964535147
23.498594104
24.206802721
24.740861678
25.425850340
26.052789115
26.702947845
27.120907029
27.538866213
27.980045351
28.456054421
29.048163265
29.582222222
30.209160997
30.720000000
31.323718820
32.020317460
32.577596371
33.134875283
33.576054421
34.121723356
34.609342403
35.224671201
35.793560090
36.513378684
37.082267573
37.651156462
38.278095238
38.823764172
39.392653061
39.775782312
40.193741496
40.658140589
41.261859410
41.842358276
42.562176870
43.061405895
43.549024943
44.001814058
44.466213151
44.965442176
45.395011337
45.778140589
46.207709750
46.648888888
47.577687074
48.053696145
48.529705215
49.040544217
49.493333333
49.957732426
50.573061224
51.083900226
51.629569160
52.163628117
52.697687074
53.289795918
53.928344671
54.415963718	New Point
54.857142857
55.251882086
55.669841269
56.076190476
56.517369614
57.028208616
57.515827664
58.061496598
58.560725623
59.025124716
59.477913832
59.965532879
60.453151927
60.952380952
61.474829931
61.950839002
62.426848072
62.891247165
63.703945578
64.226394557
64.667573696
65.050702947
65.526712018
66.037551020
66.594829931
67.152108843
67.686167800
68.185396825
68.603356009
69.114195011
69.717913832
70.298412698
70.902131519
71.471020408
72.411428571
72.910657596
73.386666666
74.222585034
74.675374149
75.162993197
75.604172335
76.045351473
76.509750566
76.997369614
77.496598639
78.019047619
78.495056689
78.982675736
79.493514739
79.957913832	New Point
80.538412698
81.107301587
81.618140589
81.978049886
82.430839002
82.918458049
83.382857142	New Point
83.940136054
84.485804988
85.112743764
85.670022675
86.180861678
86.622040816
87.086439909
87.481179138
87.899138321
88.247437641	New Point
88.630566893
89.048526077
89.512925170
90.012154195
90.499773242
90.999002267
91.498231292
91.974240362
92.636009070
93.088798185
93.529977324
93.994376417
94.481995464
95.039274376
95.689433106
96.177052154
96.711111111
97.210340136
97.686349206
98.197188208
98.696417233
99.149206349
99.660045351
100.147664399
100.646893424
101.157732426
101.633741496
102.144580498
102.655419501
103.119818594
103.584217687
104.071836734
104.524625850
105.035464852
105.406984126
105.790113378
106.231292517
106.765351473
107.276190476
107.717369614
108.146938775
108.588117913
108.959637188
109.424036281
109.876825396
110.329614512
110.782403628
111.293242630
111.711201814
112.152380952
112.547120181
112.999909297
113.533968253
114.068027210
114.578866213
115.182585034
115.612154195
116.006893424	New Point
116.529342403
117.016961451
117.423310657
117.864489795
118.282448979
118.677188208
119.037097505
119.455056689
119.814965986
120.221315192
120.558004535
121.010793650
121.440362811
121.951201814
122.438820861
122.903219954
123.379229024
123.866848072
124.296417233
124.679546485
125.167165532
125.538684807
125.921814058
126.316553287
126.699682539
127.117641723
127.523990929
127.988390022
128.452789115
128.847528344
129.277097505
129.671836734
130.194285714
130.716734693
131.227573696
131.715192743
132.191201814
132.655600907
133.143219954
133.607619047
134.083628117
134.536417233	New Point
135.047256235
135.511655328
135.941224489
136.382403628
136.730702947
137.160272108
137.589841269
137.984580498
138.425759637
138.878548752
139.284897959
139.772517006
140.190476190
140.643265306
141.096054421
141.595283446
142.036462585
142.512471655
143.058140589
143.638639455
144.207528344
144.915736961
145.507845804
146.007074829
146.506303854
146.959092970	New Point
147.411882086
147.841451247
148.294240362
148.770249433
149.223038548
149.687437641
150.105396825
150.523356009	New Point
150.918095238
151.324444444
151.765623582
152.288072562
152.810521541
153.321360544
153.820589569
154.389478458
154.888707482
155.399546485	New Point
155.898775510
156.363174603
156.804353741
157.291972789
157.767981859
158.302040816
158.952199546
159.555918367
160.043537414
160.519546485
161.018775510
161.564444444
162.052063492
162.655782312
163.213061224
163.700680272
164.188299319
164.699138321
165.140317460
165.558276643
166.022675736
166.487074829
166.939863945
167.381043083
167.764172335
168.193741496
168.646530612
169.134149659
169.691428571
170.144217687
170.631836734
171.096235827
171.607074829
172.141133786
172.617142857
173.139591836
173.662040816	New Point
174.114829931
174.567619047
175.032018140
175.519637188
176.030476190
176.541315192
177.017324263
177.470113378
177.922902494
178.387301587
178.886530612
179.350929705
179.850158730
180.349387755
180.813786848
181.313015873
181.823854875
182.427573696
183.066122448
183.600181405
184.111020408
184.598639455
185.086258503
185.608707482
186.073106575
186.525895691
187.025124716
187.535963718	New Point
187.988752834
188.441541950
188.929160997
189.381950113
189.718639455
190.171428571
190.554557823
190.972517006
191.355646258
191.727165532
192.145124716
192.621133786
193.039092970
193.445442176
193.898231292
194.432290249
194.919909297
195.372698412
195.802267573
196.220226757
196.614965986
197.067755102
197.590204081
198.042993197
198.519002267
199.157551020
199.738049886
200.306938775
200.782947845
201.235736961
201.711746031
202.152925170
202.756643990
203.255873015
203.755102040
204.231111111
204.683900226
205.159909297
205.670748299
206.158367346
206.622766439
207.110385487
207.586394557
208.062403628
208.700952380
209.142131519
209.641360544
210.082539682
210.604988662
211.104217687
211.661496598
212.137505668	New Point
212.694784580
213.205623582
213.635192743
214.018321995
214.447891156
214.842630385
215.283809523
215.748208616
216.259047619
216.827936507
217.361995464
217.814784580
218.314013605
219.033832199
219.695600907
220.113560090
220.612789115
221.123628117
221.669297052
222.168526077
222.644535147
223.085714285
223.584943310
224.060952380
224.536961451
225.001360544
225.512199546
225.988208616
226.487437641
227.033106575
227.601995464
228.054784580
228.461133786
228.855873015
229.262222222
229.645351473
230.086530612
230.527709750
231.119818594
231.595827664
232.095056689
232.663945578
233.279274376
233.882993197
234.486712018
235.125260770
235.798639455
236.448798185
237.064126984
237.551746031
237.981315192
238.434104308
238.886893424
239.328072562
239.850521541
240.384580498
240.895419501
241.545578231
242.184126984
242.776235827
243.379954648
243.879183673
244.401632653
244.877641723
245.342040816
245.783219954
246.259229024
246.735238095
247.199637188
247.640816326
248.105215419
248.546394557
249.010793650
249.451972789
249.951201814
250.427210884
250.891609977
251.367619047
251.832018140
252.319637188
252.795646258
253.236825396
253.678004535
254.130793650
254.571972789
255.036371882
255.465941043
255.907120181
256.394739229
256.859138321
257.288707482
257.764716553
258.194285714
258.658684807
259.099863945
259.599092970
260.040272108
260.539501133
260.992290249
261.433469387
261.886258503
262.362267573
262.815056689
263.291065759
263.732244897
264.161814058
264.626213151
265.044172335
265.462131519
265.949750566
266.379319727
266.890158730	New Point
267.308117913
267.784126984	New Point
268.190476190
268.631655328
269.107664399
269.525623582
269.978412698
270.419591836	New Point
270.849160997
271.267120181
271.708299319
272.137868480
272.590657596
273.031836734
273.496235827
273.937414965
274.436643990
275.017142857
275.562811791
276.085260770
276.526439909
276.932789115
277.408798185
277.838367346
278.279546485
278.697505668
279.185124716
279.684353741
280.125532879
280.578321995
280.996281179
281.437460317
281.925079365
282.377868480
282.888707482
283.329886621
283.794285714
284.223854875
284.699863945
285.152653061	New Point
285.663492063
286.093061224
286.545850340
286.963809523
287.416598639
287.880997732
288.357006802	New Point
288.821405895
289.297414965
289.761814058
290.272653061
290.771882086
291.271111111
291.758730158
292.223129251
292.710748299
293.209977324
293.709206349
294.220045351
294.754104308
295.357823129
296.019591836
296.762630385
297.389569160
297.958458049
298.376417233
298.829206349
299.235555555
299.641904761
300.117913832
300.570702947
301.011882086
301.487891156
301.894240362
302.370249433
302.846258503
303.333877551
303.821496598
304.320725623
304.819954648
305.249523809
305.679092970
306.155102040
306.619501133
307.118730158
307.583129251
308.047528344
308.511927437
308.964716553
309.382675736
309.858684807
310.288253968	New Point
310.752653061
311.159002267
311.658231292
312.099410430
312.563809523
312.981768707
313.411337868
313.840907029
314.282086167
314.769705215
315.199274376
315.628843537
316.104852607
316.604081632
317.056870748
317.463219954
317.892789115
318.368798185
318.786757369
319.262766439
319.703945578
320.203174603
320.679183673
321.120362811	New Point
321.596371882
322.060770975
322.525170068
323.105668934
323.593287981
324.115736961
324.684625850
325.207074829
325.787573696
326.368072562
326.948571428
327.482630385
327.993469387
328.504308390
329.084807256
329.607256235
329.990385487
330.466394557
330.861133786
331.244263038
331.673832199
332.056961451
332.451700680
332.846439909
333.241179138
333.647528344
334.111927437
334.587936507
335.063945578
335.586394557
336.132063492
336.573242630
336.967981859
337.362721088
337.757460317
338.117369614
338.419229024
338.802358276
339.150657596
339.498956916
339.835646258
340.183945578
340.578684807
340.961814058
341.414603174
341.820952380
342.296961451
342.738140589
343.248979591
343.817868480	New Point
344.340317460
344.851156462	New Point
345.443265306
346.012154195
346.592653061
347.196371882
348.009070294
349.262947845
350.772244897
351.190204081
351.677823129
352.107392290
352.560181405
352.978140589
353.419319727
353.872108843
354.394557823
354.928616780
355.485895691
356.089614512
356.658503401
357.262222222
357.982040816
359.108208616
359.630657596
359.990566893
360.373696145
360.733605442
361.139954648
361.546303854
362.022312925
362.521541950
363.009160997
363.496780045
364.019229024
364.599727891
365.180226757
365.772335600
367.049433106
368.523900226
369.313378684
369.870657596
370.474376417
370.961995464
371.519274376	New Point
372.030113378
372.552562358
373.063401360
373.469750566
373.980589569
374.456598639
374.955827664
375.385396825
375.838185941
376.314195011
376.766984126
377.208163265
377.730612244
378.136961451	New Point
378.601360544
378.972879818
379.379229024
379.785578231
380.203537414
380.644716553
381.097505668
381.573514739
382.084353741
382.618412698
383.036371882
383.477551020
383.907120181
384.336689342
384.777868480
385.207437641
385.637006802
386.113015873
386.542585034
386.960544217
387.343673469
387.761632653
388.202811791
388.643990929
389.073560090	New Point
389.549569160
390.002358276
390.478367346
390.954376417
391.418775510
391.976054421
392.428843537
392.881632653
393.229931972
393.578231292
393.961360544
394.344489795
394.739229024
395.122358276
395.528707482
395.981496598	New Point
396.457505668
396.956734693
397.502403628
398.117732426
398.849160997
